사고다발지id,법정동코드,사고건수,사상자수,사망자수,중상자수,경상자수,부상신고자수,경도,위도,Province,City,Dong
2022051,1111017500,3,4,0,4,0,0,127.023121640752,37.575433228262,서울특별시,종로구,숭인동
2022051,1114014300,3,5,0,3,2,0,127.005785576944,37.559678474783,서울특별시,중구,장충동
2022051,1114016200,3,5,0,3,2,0,127.010806186158,37.553750477504,서울특별시,중구,신당동
2022051,1117012800,3,9,0,4,5,0,126.960990004986,37.522527113237,서울특별시,용산구,한강로
2022051,1120011400,4,12,0,7,5,0,127.036229393573,37.543577665778,서울특별시,성동구,성수동
2022051,1120011400,4,8,0,4,4,0,127.044103785462,37.551720498103,서울특별시,성동구,성수동
2022051,1120010700,3,4,0,3,1,0,127.03543721046,37.56178184066,서울특별시,성동구,행당동
2022051,1121510500,3,9,0,5,4,0,127.060284375125,37.533935070048,서울특별시,광진구,자양동
2022051,1121510100,3,5,0,4,1,0,127.079395858933,37.557079331547,서울특별시,광진구,중곡동
2022051,1121510900,3,7,0,3,4,0,127.077125385529,37.55815284328,서울특별시,광진구,군자동
2022051,1121510900,3,3,0,3,0,0,127.067444770061,37.548383174245,서울특별시,광진구,군자동
2022051,1126010200,3,8,0,3,3,2,127.088003456395,37.597670376887,서울특별시,중랑구,상봉동
2022051,1129013600,3,6,0,4,2,0,127.030615161661,37.608452481997,서울특별시,성북구,하월곡
2022051,1129010300,3,7,0,3,3,1,127.025887661288,37.603566334919,서울특별시,성북구,돈암동
2022051,1130510200,3,9,1,3,5,0,127.026346710334,37.638359910582,서울특별시,강북구,번동
2022051,1132010700,3,4,0,3,1,0,127.040725560437,37.659327766864,서울특별시,도봉구,창동
2022051,1138010400,3,7,0,4,3,0,126.917431261645,37.622910218832,서울특별시,은평구,갈현동
2022051,1138011400,3,4,0,4,0,0,126.916858290079,37.638230078157,서울특별시,은평구,진관동
2022051,1138010800,3,10,0,3,7,0,126.915579232896,37.598925479728,서울특별시,은평구,역촌동
2022051,1138010200,3,4,0,3,1,0,126.93549996805,37.601185659492,서울특별시,은평구,녹번동
2022051,1141010900,4,10,0,5,4,1,126.960177373088,37.572458136035,서울특별시,서대문구,현저동
2022051,1144012000,3,4,0,4,0,0,126.920255677858,37.55099708345,서울특별시,마포구,서교동
2022051,1144012300,3,9,0,3,6,0,126.891038341347,37.55211189385,서울특별시,마포구,망원동
2022051,1144012100,3,6,0,3,3,0,126.931304688262,37.556999707372,서울특별시,마포구,동교동
2022051,1147010300,3,4,0,3,1,0,126.848000672394,37.528086562945,서울특별시,양천구,신월동
2022051,1150010300,3,6,0,4,2,0,126.850724282701,37.553339238216,서울특별시,강서구,화곡동
2022051,1150010500,3,5,0,3,2,0,126.826892275459,37.559695440493,서울특별시,강서구,마곡동
2022051,1150010300,3,4,0,3,1,0,126.852515339213,37.555692567059,서울특별시,강서구,화곡동
2022051,1153010300,3,5,1,2,2,0,126.882080688174,37.485185172758,서울특별시,구로구,가리봉
2022051,1153010700,3,9,0,6,3,0,126.846190113184,37.502117699973,서울특별시,구로구,개봉동
2022051,1153010600,3,9,0,6,2,1,126.856185869983,37.497485573601,서울특별시,구로구,고척동
2022051,1153010800,3,10,0,4,6,0,126.839919860914,37.494691748726,서울특별시,구로구,오류동
2022051,1153010200,3,7,0,3,4,0,126.889072712037,37.487745331283,서울특별시,구로구,구로동
2022051,1153010200,3,5,0,3,2,0,126.882923258503,37.492760956454,서울특별시,구로구,구로동
2022051,1153010600,3,3,0,3,0,0,126.865229690799,37.498255598318,서울특별시,구로구,고척동
2022051,1153010700,3,3,0,3,0,0,126.848254670618,37.498884244213,서울특별시,구로구,개봉동
2022051,1153010200,3,3,0,3,0,0,126.896555375431,37.485620534561,서울특별시,구로구,구로동
2022051,1154510300,3,5,0,3,2,0,126.900647187319,37.454814909881,서울특별시,금천구,시흥동
2022051,1154510100,3,3,0,3,0,0,126.884863214867,37.476907219094,서울특별시,금천구,가산동
2022051,1156012300,3,15,0,5,9,1,126.882507009992,37.515833401691,서울특별시,영등포구,문래동
2022051,1156013300,3,5,0,3,2,0,126.902896540144,37.48475139736,서울특별시,영등포구,대림동
2022051,1156011300,3,3,0,3,0,0,126.896907817043,37.52618320719,서울특별시,영등포구,당산동
2022051,1156013300,3,3,0,3,0,0,126.893289239208,37.497862231258,서울특별시,영등포구,대림동
2022051,1159010100,3,11,0,5,5,1,126.946797925185,37.513447960756,서울특별시,동작구,노량진
2022051,1159010200,3,7,0,4,3,0,126.943963003091,37.49901297497,서울특별시,동작구,상도동
2022051,1159010700,3,7,0,3,4,0,126.98249885384,37.488732324638,서울특별시,동작구,사당동
2022051,1159010100,3,6,0,3,3,0,126.93840593119,37.515932146352,서울특별시,동작구,노량진
2022051,1162010200,5,18,0,8,10,0,126.914231053821,37.481743523945,서울특별시,관악구,신림동
2022051,1162010100,3,4,0,4,0,0,126.93478568781,37.48580961792,서울특별시,관악구,봉천동
2022051,1162010200,3,3,0,3,0,0,126.92620465722,37.483785268276,서울특별시,관악구,신림동
2022051,1165010700,4,12,0,5,7,0,126.998259970922,37.499977157021,서울특별시,서초구,반포동
2022051,1165010600,4,10,0,4,5,1,127.019652017628,37.516110237299,서울특별시,서초구,잠원동
2022051,1165010600,3,7,1,5,1,0,127.021037530259,37.511789353697,서울특별시,서초구,잠원동
2022051,1165010200,3,9,0,6,3,0,127.031928946165,37.470911266343,서울특별시,서초구,양재동
2022051,1165010700,3,4,0,4,0,0,126.986260744039,37.501007210815,서울특별시,서초구,반포동
2022051,1165010700,3,4,0,3,1,0,126.993971962937,37.498336423088,서울특별시,서초구,반포동
2022051,1168010400,6,9,0,7,2,0,127.047439280999,37.524332182086,서울특별시,강남구,청담동
2022051,1168010400,6,10,0,6,4,0,127.04156006025,37.523408152066,서울특별시,강남구,청담동
2022051,1168010100,5,18,0,10,8,0,127.038256150702,37.508613032766,서울특별시,강남구,역삼동
2022051,1168010400,5,9,0,7,1,1,127.054452489292,37.524899660592,서울특별시,강남구,청담동
2022051,1168010800,5,8,0,5,3,0,127.02447773566,37.504592395024,서울특별시,강남구,논현동
2022051,1168010400,4,8,1,5,2,0,127.05696779323,37.520582613498,서울특별시,강남구,청담동
2022051,1168010800,4,12,0,5,7,0,127.04114824,37.516736517977,서울특별시,강남구,논현동
2022051,1168010400,4,5,0,4,1,0,127.039298946091,37.523038810394,서울특별시,강남구,청담동
2022051,1168010100,3,6,0,6,0,0,127.044428380466,37.498361509677,서울특별시,강남구,역삼동
2022051,1168010800,3,7,0,5,2,0,127.034824907944,37.514548526794,서울특별시,강남구,논현동
2022051,1168010100,3,5,0,4,1,0,127.042593028746,37.502500669971,서울특별시,강남구,역삼동
2022051,1168011100,3,9,0,3,6,0,127.108180390414,37.465419972655,서울특별시,강남구,세곡동
2022051,1168010700,3,8,0,3,5,0,127.034054072938,37.529327719999,서울특별시,강남구,신사동
2022051,1168010100,3,8,0,3,5,0,127.03419192282,37.507154902578,서울특별시,강남구,역삼동
2022051,1168010800,3,9,0,3,4,2,127.029673033685,37.506055367162,서울특별시,강남구,논현동
2022051,1168010700,3,7,0,3,4,0,127.034103402551,37.521395990034,서울특별시,강남구,신사동
2022051,1168010600,3,6,0,3,2,1,127.056145771511,37.506518349843,서울특별시,강남구,대치동
2022051,1168011800,3,5,0,3,2,0,127.045631748907,37.486468186958,서울특별시,강남구,도곡동
2022051,1168010400,3,4,0,3,1,0,127.040407383895,37.526828821494,서울특별시,강남구,청담동
2022051,1168010500,3,3,0,3,0,0,127.052755835515,37.505784476074,서울특별시,강남구,삼성동
2022051,1171010600,4,9,0,6,3,0,127.096698992266,37.497650163925,서울특별시,송파구,삼전동
2022051,1171010800,4,12,0,5,7,0,127.122324188312,37.486197423573,서울특별시,송파구,문정동
2022051,1171010700,3,6,0,5,1,0,127.108701914463,37.495527262974,서울특별시,송파구,가락동
2022051,1171011100,3,6,0,5,1,0,127.109729018481,37.515540861223,서울특별시,송파구,방이동
2022051,1171010700,3,6,0,3,3,0,127.128356298306,37.501539717385,서울특별시,송파구,가락동
2022051,1171010200,3,4,0,3,1,0,127.100234524005,37.513526118137,서울특별시,송파구,신천동
2022051,1174010900,3,7,0,3,4,0,127.123644432645,37.538660771778,서울특별시,강동구,천호동
2022051,1174010600,3,6,0,3,3,0,127.1386108656,37.533479654264,서울특별시,강동구,둔촌동
2022051,1174010800,3,5,0,3,1,1,127.128470884525,37.524074072162,서울특별시,강동구,성내동
2023018,1111017500,3,4,0,4,0,0,127.015596683158,37.581495690961,서울특별시,종로구,숭인동
2023018,1111018000,3,11,0,3,6,2,126.960167609831,37.572241768332,서울특별시,종로구,교북동
2023018,1111013800,3,5,0,3,2,0,126.987590063123,37.569659943374,서울특별시,종로구,종로2
2023018,1114016200,3,5,0,3,2,0,127.010337535322,37.554433559707,서울특별시,중구,신당동
2023018,1114016500,3,3,0,3,0,0,127.019549245334,37.565648133958,서울특별시,중구,황학동
2023018,1117013100,4,6,0,5,1,0,127.007756749293,37.533691748954,서울특별시,용산구,한남동
2023018,1117013100,3,5,0,4,1,0,126.998916534308,37.535457274566,서울특별시,용산구,한남동
2023018,1120011400,4,10,0,5,5,0,127.04409378205,37.551504134007,서울특별시,성동구,성수동
2023018,1120011400,3,7,0,5,2,0,127.036205494097,37.543425837528,서울특별시,성동구,성수동
2023018,1120010400,3,5,0,4,1,0,127.034065172944,37.562100918764,서울특별시,성동구,도선동
2023018,1121510700,3,3,0,3,0,0,127.06743469959,37.548166811448,서울특별시,광진구,화양동
2023018,1123010100,3,3,0,3,0,0,127.022656416077,37.575575563368,서울특별시,동대문구,신설동
2023018,1126010100,3,5,0,5,0,0,127.091486296153,37.580160294113,서울특별시,중랑구,면목동
2023018,1126010100,3,4,0,3,1,0,127.079692777283,37.582822934981,서울특별시,중랑구,면목동
2023018,1129010300,3,7,0,3,3,1,127.025876561343,37.603530235284,서울특별시,성북구,돈암동
2023018,1129010500,3,6,0,3,3,0,127.007165980242,37.589032091124,서울특별시,성북구,동소문
2023018,1130510200,3,9,1,3,5,0,127.026334460537,37.638504074596,서울특별시,강북구,번동
2023018,1132010700,3,7,0,4,3,0,127.042802680844,37.651548295797,서울특별시,도봉구,창동
2023018,1132010600,3,5,0,3,2,0,127.027319362328,37.661942755779,서울특별시,도봉구,방학동
2023018,1132010700,3,4,0,3,1,0,127.040714444575,37.659291669023,서울특별시,도봉구,창동
2023018,1132010600,3,4,0,3,1,0,127.042720872404,37.664887738193,서울특별시,도봉구,방학동
2023018,1138011400,3,4,0,4,0,0,126.916844419439,37.638554489297,서울특별시,은평구,진관동
2023018,1138010200,3,4,0,3,1,0,126.935359519979,37.601277930304,서울특별시,은평구,녹번동
2023018,1141011200,3,7,0,3,4,0,126.946012995453,37.556853312461,서울특별시,서대문구,대현동
2023018,1144012000,4,7,0,4,3,0,126.918192914883,37.552753575887,서울특별시,마포구,서교동
2023018,1144012300,3,9,0,3,6,0,126.891253728246,37.552076950022,서울특별시,마포구,망원동
2023018,1144012100,3,6,0,3,3,0,126.931293640061,37.556963599075,서울특별시,마포구,동교동
2023018,1144011500,3,4,0,3,1,0,126.922746292259,37.549531076185,서울특별시,마포구,상수동
2023018,1147010100,3,8,0,3,5,0,126.855131887607,37.513487815738,서울특별시,양천구,신정동
2023018,1147010300,3,4,0,3,1,0,126.828228643616,37.535691266592,서울특별시,양천구,신월동
2023018,1150010600,4,9,0,5,4,0,126.844106132437,37.557953587766,서울특별시,강서구,내발산
2023018,1150010500,3,12,0,4,8,0,126.832775005694,37.55897170552,서울특별시,강서구,마곡동
2023018,1150010300,3,6,0,4,2,0,126.850713274856,37.553303123769,서울특별시,강서구,화곡동
2023018,1150010500,3,5,0,3,2,0,126.826879655593,37.559839582696,서울특별시,강서구,마곡동
2023018,1150010300,3,5,0,3,2,0,126.853186716267,37.555299655349,서울특별시,강서구,화곡동
2023018,1153010700,3,10,0,6,4,0,126.846637920208,37.501363042238,서울특별시,구로구,개봉동
2023018,1153010200,3,7,0,3,4,0,126.889448106054,37.495823407522,서울특별시,구로구,구로동
2023018,1153010200,3,3,0,3,0,0,126.882919658106,37.491823528482,서울특별시,구로구,구로동
2023018,1153010200,3,3,0,3,0,0,126.896542904592,37.485764686967,서울특별시,구로구,구로동
2023018,1153010200,3,3,0,3,0,0,126.874553595339,37.491238720396,서울특별시,구로구,구로동
2023018,1153010700,3,3,0,3,0,0,126.848243670673,37.498848128872,서울특별시,구로구,개봉동
2023018,1154510300,4,9,0,4,5,0,126.904194041219,37.462368215653,서울특별시,금천구,시흥동
2023018,1154510100,4,5,0,4,1,0,126.884175119401,37.476687308234,서울특별시,금천구,가산동
2023018,1154510300,3,5,0,3,2,0,126.900636168564,37.454778799087,서울특별시,금천구,시흥동
2023018,1156010200,3,7,0,4,2,1,126.912123576953,37.518291985028,서울특별시,영등포구,영등포
2023018,1156011000,3,7,0,3,4,0,126.921585597188,37.523927081507,서울특별시,영등포구,여의도
2023018,1156010400,3,5,0,3,2,0,126.907590193266,37.519170684712,서울특별시,영등포구,영등포
2023018,1156013300,3,3,0,3,0,0,126.89327821809,37.497826119449,서울특별시,영등포구,대림동
2023018,1156011300,3,3,0,3,0,0,126.897121675301,37.526328513785,서울특별시,영등포구,당산동
2023018,1159010600,3,9,0,3,5,1,126.975593869047,37.503988896055,서울특별시,동작구,동작동
2023018,1162010200,3,7,0,3,4,0,126.914444820944,37.481888800276,서울특별시,관악구,신림동
2023018,1162010200,3,3,0,3,0,0,126.926193622419,37.483749159195,서울특별시,관악구,신림동
2023018,1165010600,3,7,1,5,1,0,127.021026444974,37.511753253415,서울특별시,서초구,잠원동
2023018,1165010700,3,10,0,4,6,0,126.998247692991,37.500121321201,서울특별시,서초구,반포동
2023018,1165010800,3,5,0,3,2,0,127.01353234159,37.48089615772,서울특별시,서초구,서초동
2023018,1168010400,7,11,0,7,4,0,127.041322631142,37.523371174557,서울특별시,강남구,청담동
2023018,1168010800,7,10,0,7,3,0,127.024465506361,37.504736562032,서울특별시,강남구,논현동
2023018,1168010400,6,10,0,8,1,1,127.047427093154,37.524476351187,서울특별시,강남구,청담동
2023018,1168011100,5,11,0,5,6,0,127.107944051496,37.465202860081,서울특별시,강남구,세곡동
2023018,1168010400,4,6,1,3,2,0,127.05695775561,37.520366249516,서울특별시,강남구,청담동
2023018,1168010100,4,10,0,6,4,0,127.043033375956,37.502646590528,서울특별시,강남구,역삼동
2023018,1168010400,4,7,0,6,0,1,127.054213976721,37.52504297696,서울특별시,강남구,청담동
2023018,1168010500,4,11,0,5,6,0,127.041137145491,37.516700419142,서울특별시,강남구,삼성동
2023018,1168010400,4,5,0,4,1,0,127.039061519329,37.523001829342,서울특별시,강남구,청담동
2023018,1168010800,3,9,0,5,4,0,127.033865983034,37.521358998121,서울특별시,강남구,논현동
2023018,1168010800,3,7,0,4,3,0,127.032809648646,37.509276647115,서울특별시,강남구,논현동
2023018,1168010600,3,6,0,4,2,0,127.066155782458,37.495342622188,서울특별시,강남구,대치동
2023018,1168010800,3,6,0,4,2,0,127.035045714168,37.5136119845,서울특별시,강남구,논현동
2023018,1168010300,3,4,0,4,0,0,127.065116507623,37.479474833301,서울특별시,강남구,개포동
2023018,1168011800,3,8,0,3,5,0,127.049679662627,37.488610897327,서울특별시,강남구,도곡동
2023018,1168010100,3,8,0,3,5,0,127.033954548818,37.507117911583,서울특별시,강남구,역삼동
2023018,1168010800,3,7,0,3,4,0,127.032548507272,37.514864027321,서울특별시,강남구,논현동
2023018,1168011800,3,6,0,3,3,0,127.046932257947,37.494008556958,서울특별시,강남구,도곡동
2023018,1168011800,3,5,0,3,2,0,127.04561956397,37.486612357319,서울특별시,강남구,도곡동
2023018,1168010400,3,5,0,3,2,0,127.050594724765,37.5246687182,서울특별시,강남구,청담동
2023018,1168010500,3,5,0,3,1,1,127.056359886344,37.506663370506,서울특별시,강남구,삼성동
2023018,1168010500,3,4,0,3,1,0,127.0622327221,37.508487998645,서울특별시,강남구,삼성동
2023018,1168010500,3,3,0,3,0,0,127.052517379827,37.50592778972,서울특별시,강남구,삼성동
2023018,1171010700,3,5,0,5,0,0,127.103719940775,37.494212694847,서울특별시,송파구,가락동
2023018,1171010100,3,4,0,3,1,0,127.099769828379,37.513668761516,서울특별시,송파구,잠실동
2023018,1171010900,3,4,0,3,0,1,127.126690222124,37.470311221156,서울특별시,송파구,장지동
2023018,1174010600,5,11,0,6,5,0,127.13882521836,37.533624526082,서울특별시,강동구,둔촌동
2023018,1174010500,3,12,0,3,8,1,127.153063792866,37.538534541243,서울특별시,강동구,길동
2023018,1174010900,3,5,0,3,2,0,127.122953242067,37.538802782517,서울특별시,강동구,천호동
